0.602086
0.442175
0.802326
0.953413
2.514658
1.113387
7.796774
0.790346
1.288722
0.538015
3.345114
3.868519
0.729557
3.632447
1.041074
3.572014
0.194604
1.133792
0.398832
3.966956
0.731229
1.560128
7.998364
0.166240
0.909324
1.793710
4.277200
0.606702
0.796814
2.923366
4.440909
2.221047
1.248285
13.293294
10.372340
3.565052
1.016162
2.959777
1.006836
1.062510
1.216226
1.021518
3.087382
2.326571
1.063938
0.629578
4.060036
8.509147
6.401623
0.239607
18.762182
0.203206
1.408690
2.514224
0.650777
1.842693
3.816847
8.780593
0.262982
3.679782
0.512461
1.024774
0.661876
15.550461
1.375756
0.833004
0.856179
0.587251
1.480942
1.291322
1.502642
7.302031
2.060928
0.878011
0.926021
1.619827
3.848830
2.202700
0.270145
3.805640
1.498679
1.987366
2.023382
1.152674
1.393651
1.178956
4.838289
10.092797
4.707136
0.763324
1.626743
5.426459
0.984604
1.900944
0.446981
1.178204
1.483422
2.181436
5.488487
3.251648
5.139755
2.315974
2.128820
0.775479
7.241713
1.490978
5.779287
5.654723
3.454738
2.006151
1.953494
3.136185
7.276317
1.424031
0.571736
8.327325
1.332322
0.369915
5.358451
1.458766
1.872756
13.621276
1.971703
0.604104
2.403093
2.837577
0.791457
2.295666
0.419194
0.924092
0.884230
0.633162
6.281710
0.580191
0.508967
0.630046
11.057060
0.640350
0.468803
3.976549
1.005971
0.907539
3.643837
0.992493
5.299726
1.403031
0.979664
0.800089
1.187225
0.962343
2.542862
5.507379
0.880324
0.648145
0.323838
3.465893
2.957787
0.540633
0.516982
1.449167
4.103255
0.320664
0.354263
2.200107
0.598914
0.988564
2.792148
0.618725
7.515730
6.577947
1.149776
0.382057
4.041550
0.424324
3.157723
6.675348
1.168336
1.972397
0.356467
5.708544
1.702676
2.994069
1.535335
1.204400
3.180301
5.547244
0.400548
0.515308
6.865928
1.773613
1.017100
0.767027
0.720595
1.652009
0.652412
1.684301
20.099454
1.157518
0.735876
0.828467
0.535304
2.416946
3.382534
0.311155
1.050890
0.861238
1.628157
0.376520
2.374711
0.492178
0.244965
2.703880
0.569374
1.289453
3.858139
2.794779
0.614770
5.681653
0.517320
0.491071
10.515956
1.601034
0.885771
2.640833
0.407122
4.281150
0.520238
0.567462
5.275105
0.768948
3.092818
6.815611
1.322231
11.589816
0.842796
1.795353
0.479571
0.277627
0.333076
32.624964
0.634212
0.645519
0.762211
2.225755
0.674079
0.971646
1.418238
0.323429
0.698170
0.212917
1.221370
7.317453
0.757352
5.486998
1.172139
0.891296
0.272996
1.257786
2.959473
0.467981
0.171613
0.509108
1.074374
2.147202
0.592107
1.439721
2.007659
2.878097
2.827742
0.934159
1.340741
2.605289
0.368184
0.800876
0.944096
0.606021
1.751394
0.489248
2.146554
0.634242
0.672949
2.327697
0.239792
2.272604
5.229640
2.155920
10.841355
4.750376
7.597624
0.417237
0.833827
2.233308
1.298379
7.619319
3.911319
0.614440
4.617608
1.491863
0.806855
2.843811
2.679192
1.457772
0.758247
21.192809
0.624769
1.147362
2.128874
0.873627
1.075777
0.151620
1.430379
1.594745
1.213009
0.258410
1.671585
1.661517
20.027097
1.492867
4.763190
2.403511
5.048364
0.437733
3.681215
2.555600
5.006251
5.161462
4.091657
1.021692
0.822299
0.637420
0.387896
1.400282
0.380934
0.381972
1.152692
1.469322
0.790770
2.104769
1.744354
0.852359
3.963994
0.648356
0.697339
7.248990
4.602750
2.276031
0.583372
0.340857
0.267565
3.681431
0.737666
3.911846
0.445533
0.965692
2.618382
5.603869
4.741420
2.427014
1.202468
0.908713
0.996685
3.247364
2.400943
0.853937
5.008449
5.059003
11.235158
1.326176
0.581893
1.380509
1.271977
0.915555
5.526799
3.144055
1.630833
10.253583
0.711509
2.651405
0.941075
4.372442
1.141336
1.776859
0.916720
0.353997
2.585261
0.741615
1.086259
1.705133
1.918173
2.483864
1.139569
6.089460
2.119674
1.512686
3.386027
3.974526
0.981202
4.574093
4.731062
4.208853
0.530619
0.522789
0.324657
1.766262
0.288957
0.510786
9.541055
0.877249
0.569816
0.736050
3.382196
5.281927
1.708921
0.859943
1.862725
0.675372
3.002763
0.325969
1.147230
0.640261
1.094584
0.314455
2.610079
0.314947
3.003276
8.043426
0.688463
0.893809
0.841902
1.525818
0.444273
1.421696
8.846636
1.210776
0.983013
5.337490
2.552314
2.175927
0.617334
0.577817
6.965184
0.868599
14.907685
1.629743
0.601330
0.623347
1.850863
2.788108
9.298106
0.387522
0.299854
1.558275
0.239196
3.218090
0.802340
1.154145
0.740195
0.343430
0.423022
2.049926
2.721859
1.039095
0.309684
6.845734
1.362512
4.041239
0.553634
1.607351
4.028073
0.460691
2.445105
9.059854
1.620651
5.072094
3.613448
1.329387
1.283467
0.744914
1.278167
1.382556
0.967425
0.959203
3.245573
1.346766
0.605589
1.644517
10.420400
1.212816
1.577762
1.578536
3.488339
0.873341
2.942046
0.907257
3.860744
1.959886
8.246045
1.562874
0.403798
3.226027
12.175608
0.396323
1.989828
0.473306
5.911821
15.644685
1.106394
0.660109
0.273442
3.050016
2.959475
0.553333
0.524876
1.231051
0.264029
0.635147
1.173455
0.504913
2.926948
1.122132
1.711722
0.184855
7.738676
2.003055
5.791557
0.288426
5.683169
0.906264
0.730129
0.185571
0.363214
0.345171
1.729332
1.722264
1.194962
1.167758
1.057323
0.606273
3.188903
0.870801
0.388454
44.407303
2.208267
1.190600
13.245438
6.851779
0.734797
0.507241
1.088147
3.857036
0.706735
1.702733
5.218532
2.044217
2.384120
1.453758
2.029138
5.695787
11.000157
2.285805
0.862493
3.473763
1.012010
0.541558
0.923922
2.706914
6.531048
0.683720
3.397915
0.679116
0.627358
1.712907
0.228959
6.741494
0.467888
5.583860
1.264213
1.102798
0.509258
4.197582
0.364019
0.884900
0.537678
1.329005
0.626733
0.236746
0.517186
1.630794
1.730492
1.635172
0.744766
18.783872
0.757675
1.192938
2.884235
4.489281
1.841366
9.846925
1.579516
1.322506
4.229243
3.104550
0.161644
1.126444
1.411727
0.952780
8.369350
1.292372
1.515596
0.728588
0.393215
3.652132
1.453473
0.915477
2.773565
1.832612
2.446221
1.761925
1.844012
9.212777
3.430388
1.427338
1.955315
1.099481
0.247246
3.286929
2.936106
10.385136
1.973852
15.515594
6.960626
3.699347
1.196692
1.837980
1.593792
0.418110
4.879740
0.481169
2.371253
3.673734
0.752759
1.450075
4.627875
2.892888
1.842783
2.249179
1.520533
0.725478
1.085930
1.289452
1.169773
2.039148
2.063745
0.481309
2.617526
1.924899
0.413248
0.302132
4.266883
5.885713
1.642526
6.980958
1.729129
2.196152
0.576648
6.810384
19.779032
2.330876
0.599303
0.217380
1.176287
0.351617
4.663891
0.697539
7.483298
2.445601
0.658644
5.415068
0.493947
0.781088
4.126166
1.275380
0.619061
1.580189
2.655193
2.385704
0.725737
0.939710
0.824279
2.498082
1.498383
0.245782
0.385314
0.168732
1.402762
3.803626
1.272175
1.421731
1.034132
7.272517
1.605929
0.280416
0.326005
0.795184
0.791585
3.220489
1.284588
0.606178
2.721846
8.039651
4.799017
1.317067
0.803847
0.323921
2.610406
5.867920
0.603034
0.958711
9.477083
6.106846
0.756776
0.356035
0.502937
8.393796
1.032428
0.214621
0.854510
0.181261
1.941041
2.179293
0.364951
3.968219
1.264531
3.909657
1.810948
0.684630
2.990754
0.306855
2.783436
0.615743
1.087157
2.857405
1.538142
2.394889
1.706541
3.071107
10.857339
2.553779
1.356694
0.381409
3.166969
2.123033
0.563977
0.470177
0.330044
2.076039
1.732754
2.146587
0.680416
1.522682
3.438238
0.475240
2.117129
0.695280
2.612442
0.657452
3.441290
0.453391
3.608869
13.182271
0.896007
3.003024
0.768088
4.450471
1.574995
0.461286
1.603579
0.904086
9.357469
0.540173
0.372823
7.284917
0.405335
5.089292
1.434872
2.191506
2.458770
0.615923
0.389650
1.508322
0.739381
0.541171
3.643453
2.134703
1.210813
0.993876
1.644942
0.994746
2.107252
0.555352
8.089294
2.471620
2.946109
3.741552
0.674289
9.453576
0.903030
7.417212
0.659139
0.619975
0.669243
10.663242
2.094033
0.819688
0.540925
2.241345
0.782972
8.482842
0.992784
0.177264
0.729562
0.570394
0.371416
0.523060
2.156835
0.841830
1.868672
2.518647
1.493136
2.192220
3.730069
1.268908
2.953549
3.311954
0.623496
1.011982
0.400943
0.176150
0.471768
0.463571
15.385129
1.864003
9.943659
0.554713
0.249338
0.339229
0.304849
0.443092
0.451523
3.043526
0.584103
0.450919
0.578364
2.183494
3.389523
3.524327
0.341347
0.863585
0.717142
5.324398
2.161855
2.967459
0.438544
1.348013
0.917826
2.012213
1.286153
1.718166
1.172138
1.178705
2.774984
0.217462
1.808789
0.784904
0.278629
2.205111
5.267702
0.716421
4.928209
0.620565
0.362115
31.144829
2.705447
4.220544
7.808295
0.682302
0.589208
1.429143
3.231557
1.751180
0.960266
0.821143
2.139100
2.997786
0.355768
0.598597
1.735312
0.885076
1.600816
0.864935
5.680813
1.067191
1.329280
2.098064
1.110257
1.321738
0.133054
1.123051
1.526489
1.605793
1.049708
1.484398
1.035550
0.727670
5.844412
1.633334
0.939300
0.251577
1.860990
1.925080
0.911664
2.514344
7.682228
1.951628
3.175154
12.556744
6.426285
0.818896
0.403454
2.235833
0.740639
2.404947
1.138550
6.801315
0.523328
0.369829
1.378790
0.509008
1.292003
1.205017
0.089061
2.053426
2.105234
0.494552
7.450169
1.406311
1.024805
16.714149
0.801988
0.613156
0.513918
5.098904
7.507502
1.607073
9.046106
1.385660
0.501700
0.426214
0.364871
0.561318
6.531401
7.234096
0.740405
1.007451
0.730871
4.026566
10.010314
0.454034
1.109077
2.445300
0.680716
0.492423
0.706702
4.084436
1.047920
3.699823
3.538734
1.850285
0.744627
1.480946
1.994070
0.274365
1.503884
1.637896
2.285141
3.044564
0.360006
0.807924
1.185250
1.725185
0.544914
4.322752
4.761811
0.478674
3.958290
1.371151
0.235116
9.110414
1.547820
0.933457
